SYC1_MYCTU	P21888	42.6	460	256	6	7	461	2	458	4.55e-110	334
SYC1_MYCTU	Q8ZR68	42.1	461	257	8	7	461	2	458	1.62e-107	328
SYC1_MYCTU	A0A1D6LAG9	39.9	489	265	10	2	461	60	548	8.08e-104	322
SYC1_MYCTU	F4IPY2	38.5	488	262	9	7	461	65	547	1.36e-101	316
SYC1_MYCTU	Q81J59	36.6	475	266	9	7	461	3	462	4.42e-96	298
SYC1_MYCTU	B3LFA4	44.2	317	174	2	3	316	4	320	1.27e-87	278
SYC1_MYCTU	Q9LYL3	40.1	362	192	5	3	361	7	346	9.27e-77	249
SYC1_MYCTU	Q54KR1	38.0	313	179	5	31	328	63	375	1.20e-65	224
SYC1_MYCTU	Q9HA77	35.7	442	253	12	7	419	52	491	3.93e-64	218
SYC1_MYCTU	Q8BYM8	34.7	453	259	12	7	427	37	484	8.47e-63	214
SYC1_MYCTU	Q7KN90	30.7	459	200	9	3	343	16	474	6.90e-57	202
SYC1_MYCTU	Q9ER72	30.7	459	199	10	2	343	107	563	2.38e-56	201
SYC1_MYCTU	P49589	30.7	459	199	10	2	343	24	480	7.12e-56	199
SYC1_MYCTU	Q09860	30.2	454	183	11	31	351	44	496	6.74e-54	194
SYC1_MYCTU	P53852	27.7	512	220	12	7	368	36	547	7.13e-53	191
SYC1_MYCTU	Q54ZY3	32.9	325	197	6	28	331	77	401	1.37e-45	168
ARGR_ECOLI	P0A6D0	100	156	0	0	1	156	1	156	1.38e-104	296
ARGR_ECOLI	P0A1B3	94.9	156	8	0	1	156	1	156	7.35e-100	285
FABPL_PIG	P49243	74.2	403	100	3	1	399	1	403	7.32e-208	578
FABPL_PIG	Q81GM0	40.8	333	168	5	69	400	5	309	1.13e-81	254
FABPL_PIG	P0A6R0	40.4	332	178	6	68	398	4	316	1.11e-74	236
FABPL_PIG	O85139	39.8	332	180	6	68	398	4	316	1.09e-71	228
FABPL_PIG	Q81F42	34.1	328	201	6	73	399	11	324	2.38e-59	197
